4.4464474e+01   
1.3246323e+02   
2.3440788e+02   
3.4436694e+02   
4.4713505e+02   
5.4865072e+02   
6.5738648e+02   
7.4655773e+02   
8.6147657e+02   
9.3993104e+02   
1.0561801e+03   
1.1522566e+03   
1.2488614e+03   
1.3523216e+03   
1.4412156e+03   
1.5442520e+03   
1.6503959e+03   
1.7499116e+03   
1.8593615e+03   
1.9462129e+03   
2.0497450e+03   
2.1619743e+03   
2.2616827e+03   
2.3504631e+03   
2.4576499e+03   
2.5545741e+03   
2.6511244e+03   
2.7450146e+03   
2.8250497e+03   
2.9606589e+03   
3.0509108e+03   
3.1638454e+03   
3.2612921e+03   
3.3359389e+03   
3.4517503e+03   
3.5419889e+03   
3.6405147e+03   
3.7651102e+03   
3.8544113e+03   
3.9482389e+03   
4.0437041e+03   
4.1576861e+03   
4.2488016e+03   
4.3285843e+03   
4.4512708e+03   
4.5430148e+03   
4.6503600e+03   
4.7384813e+03   
4.8450066e+03   
4.9559114e+03   
5.0517558e+03   
5.1430962e+03   
5.2604452e+03   
5.3515000e+03   
5.4467875e+03   
5.5250000e+03   
5.6511743e+03   
5.7423838e+03   
5.8445865e+03   
5.9484583e+03   
6.0503613e+03   
6.1306711e+03   
6.2648607e+03   
6.3768756e+03   
6.4470563e+03   
6.5630497e+03   
6.6459381e+03   
6.7462644e+03   
6.8446495e+03   
6.9529335e+03   
7.0404602e+03   
7.1546353e+03   
7.2542752e+03   
7.3566133e+03   
7.4474566e+03   
7.5553071e+03   
7.6401094e+03   
7.7358051e+03   
7.8584805e+03   
7.9717415e+03   
8.0544334e+03   
8.1541692e+03   
8.2636364e+03   
8.3567357e+03   
8.4493787e+03   
8.5368775e+03   
8.6605226e+03   
8.7283283e+03   
8.8772008e+03   
8.9549446e+03   
9.0541355e+03   
9.1485725e+03   
9.2568011e+03   
9.3635432e+03   
9.4304874e+03   
9.5512139e+03   
9.6491937e+03   
9.7586238e+03   
9.8542464e+03   
9.9451946e+03
