   7.9000000e+01   4.1000000e+01   1.2000000e+01   6.4000000e+01   8.7000000e+01   1.5000000e+01   6.0000000e+01   1.1000000e+01   6.3000000e+01   8.4000000e+01
   1.4700000e+02   1.1500000e+02   1.0800000e+02   1.4600000e+02   1.2600000e+02   1.4000000e+02   1.1100000e+02   1.8400000e+02   1.3600000e+02   1.1000000e+02
   2.7100000e+02   2.3400000e+02   2.4200000e+02   2.3900000e+02   2.6400000e+02   2.4100000e+02   2.5200000e+02   2.6800000e+02   2.0100000e+02   2.5100000e+02
   3.0200000e+02   3.5700000e+02   3.2400000e+02   3.0600000e+02   3.3600000e+02   3.6900000e+02   3.3900000e+02   3.4100000e+02   3.2500000e+02   4.0000000e+02
   4.9500000e+02   4.7700000e+02   4.0900000e+02   4.4300000e+02   4.0000000e+02   4.1400000e+02   4.0700000e+02   4.2900000e+02   4.4600000e+02   4.6300000e+02
   5.1000000e+02   5.9600000e+02   5.5000000e+02   5.7700000e+02   5.1600000e+02   5.9100000e+02   5.2800000e+02   5.5300000e+02   5.1300000e+02   5.2300000e+02
   6.7400000e+02   6.6400000e+02   6.3300000e+02   6.2800000e+02   6.8300000e+02   6.4500000e+02   6.4100000e+02   6.9800000e+02   6.1200000e+02   6.2700000e+02
   7.7300000e+02   7.3500000e+02   7.0200000e+02   7.0100000e+02   7.1500000e+02   7.4100000e+02   7.4000000e+02   7.4900000e+02   7.8100000e+02   7.4000000e+02
   8.4400000e+02   8.4300000e+02   8.6500000e+02   8.9700000e+02   8.0000000e+02   8.9400000e+02   8.7900000e+02   8.6900000e+02   8.5000000e+02   8.7200000e+02
   9.7600000e+02   9.0600000e+02   9.7000000e+02   9.5600000e+02   9.2200000e+02   9.8400000e+02   9.4800000e+02   9.9800000e+02   9.3100000e+02   9.2600000e+02
   1.0300000e+03   1.0470000e+03   1.0040000e+03   1.0070000e+03   1.0650000e+03   1.0310000e+03   1.0950000e+03   1.0270000e+03   1.0930000e+03   1.0890000e+03
   1.1390000e+03   1.1320000e+03   1.1240000e+03   1.1060000e+03   1.1810000e+03   1.1740000e+03   1.1260000e+03   1.1520000e+03   1.1450000e+03   1.1550000e+03
   1.2070000e+03   1.2310000e+03   1.2620000e+03   1.2940000e+03   1.2000000e+03   1.2150000e+03   1.2060000e+03   1.2760000e+03   1.2520000e+03   1.2020000e+03
   1.3060000e+03   1.3130000e+03   1.3700000e+03   1.3530000e+03   1.3120000e+03   1.3770000e+03   1.3630000e+03   1.3720000e+03   1.3080000e+03   1.3660000e+03
   1.4610000e+03   1.4600000e+03   1.4390000e+03   1.4770000e+03   1.4880000e+03   1.4400000e+03   1.4870000e+03   1.4320000e+03   1.4300000e+03   1.4150000e+03
   1.5290000e+03   1.5420000e+03   1.5310000e+03   1.5440000e+03   1.5330000e+03   1.5220000e+03   1.5920000e+03   1.5060000e+03   1.5100000e+03   1.5590000e+03
   1.6510000e+03   1.6260000e+03   1.6880000e+03   1.6430000e+03   1.6690000e+03   1.6910000e+03   1.6720000e+03   1.6970000e+03   1.6110000e+03   1.6380000e+03
   1.7190000e+03   1.7740000e+03   1.7770000e+03   1.7120000e+03   1.7160000e+03   1.7830000e+03   1.7690000e+03   1.7370000e+03   1.7650000e+03   1.7500000e+03
   1.8820000e+03   1.8870000e+03   1.8630000e+03   1.8540000e+03   1.8840000e+03   1.8080000e+03   1.8240000e+03   1.8160000e+03   1.8890000e+03   1.8520000e+03
   1.9590000e+03   1.9170000e+03   1.9780000e+03   1.9310000e+03   1.9720000e+03   1.9260000e+03   1.9160000e+03   1.9390000e+03   1.9280000e+03   1.9490000e+03
   2.0330000e+03   2.0050000e+03   2.0810000e+03   2.0210000e+03   2.0490000e+03   2.0990000e+03   2.0030000e+03   2.1000000e+03   2.0450000e+03   2.0950000e+03
   2.1980000e+03   2.1500000e+03   2.1440000e+03   2.1680000e+03   2.1940000e+03   2.1150000e+03   2.1670000e+03   2.1710000e+03   2.1650000e+03   2.1230000e+03
   2.3000000e+03   2.2720000e+03   2.2700000e+03   2.2890000e+03   2.2080000e+03   2.2150000e+03   2.2040000e+03   2.2370000e+03   2.2510000e+03   2.2560000e+03
   2.4000000e+03   2.3840000e+03   2.3460000e+03   2.3410000e+03   2.3000000e+03   2.3900000e+03   2.3840000e+03   2.3290000e+03   2.3100000e+03   2.3860000e+03
   2.4710000e+03   2.4830000e+03   2.4420000e+03   2.4710000e+03   2.4000000e+03   2.4750000e+03   2.4330000e+03   2.4470000e+03   2.4990000e+03   2.4890000e+03
   2.5920000e+03   2.5700000e+03   2.5530000e+03   2.5890000e+03   2.5800000e+03   2.5500000e+03   2.5350000e+03   2.5900000e+03   2.5710000e+03   2.5280000e+03
   2.6980000e+03   2.6750000e+03   2.6940000e+03   2.6430000e+03   2.6280000e+03   2.6710000e+03   2.6670000e+03   2.6690000e+03   2.6190000e+03   2.6290000e+03
   2.7720000e+03   2.7630000e+03   2.7810000e+03   2.7250000e+03   2.7430000e+03   2.7710000e+03   2.7860000e+03   2.7560000e+03   2.7920000e+03   2.7950000e+03
   2.8210000e+03   2.8070000e+03   2.8450000e+03   2.8690000e+03   2.8380000e+03   2.8100000e+03   2.8620000e+03   2.8880000e+03   2.8460000e+03   2.8280000e+03
   2.9700000e+03   2.9360000e+03   2.9450000e+03   2.9890000e+03   2.9330000e+03   2.9930000e+03   2.9400000e+03   2.9030000e+03   2.9250000e+03   2.9860000e+03
   3.0910000e+03   3.0610000e+03   3.0740000e+03   3.0590000e+03   3.0330000e+03   3.0400000e+03   3.0390000e+03   3.0030000e+03   3.0980000e+03   3.0250000e+03
   3.1060000e+03   3.1240000e+03   3.1040000e+03   3.1840000e+03   3.1950000e+03   3.1440000e+03   3.1050000e+03   3.1790000e+03   3.1010000e+03   3.1680000e+03
   3.2200000e+03   3.2180000e+03   3.2740000e+03   3.2310000e+03   3.2840000e+03   3.2600000e+03   3.2220000e+03   3.2430000e+03   3.2060000e+03   3.2120000e+03
   3.3000000e+03   3.3230000e+03   3.3160000e+03   3.3040000e+03   3.3100000e+03   3.3380000e+03   3.3510000e+03   3.3720000e+03   3.3060000e+03   3.3650000e+03
   3.4740000e+03   3.4530000e+03   3.4370000e+03   3.4090000e+03   3.4540000e+03   3.4120000e+03   3.4070000e+03   3.4550000e+03   3.4870000e+03   3.4830000e+03
   3.5010000e+03   3.5080000e+03   3.5040000e+03   3.5150000e+03   3.5020000e+03   3.5000000e+03   3.5020000e+03   3.5870000e+03   3.5110000e+03   3.5520000e+03
   3.6480000e+03   3.6390000e+03   3.6890000e+03   3.6760000e+03   3.6440000e+03   3.6270000e+03   3.6660000e+03   3.6660000e+03   3.6440000e+03   3.6450000e+03
   3.7590000e+03   3.7150000e+03   3.7790000e+03   3.7920000e+03   3.7820000e+03   3.7300000e+03   3.7720000e+03   3.7130000e+03   3.7230000e+03   3.7780000e+03
   3.8210000e+03   3.8980000e+03   3.8300000e+03   3.8700000e+03   3.8160000e+03   3.8880000e+03   3.8890000e+03   3.8610000e+03   3.8870000e+03   3.8600000e+03
   3.9050000e+03   3.9200000e+03   3.9280000e+03   3.9950000e+03   3.9750000e+03   3.9570000e+03   3.9950000e+03   3.9640000e+03   3.9490000e+03   3.9970000e+03
   4.0210000e+03   4.0330000e+03   4.0010000e+03   4.0170000e+03   4.0170000e+03   4.0550000e+03   4.0390000e+03   4.0130000e+03   4.0660000e+03   4.0790000e+03
   4.1820000e+03   4.1330000e+03   4.2000000e+03   4.1620000e+03   4.1630000e+03   4.1190000e+03   4.1290000e+03   4.1000000e+03   4.1010000e+03   4.1310000e+03
   4.2520000e+03   4.2260000e+03   4.2440000e+03   4.2230000e+03   4.2010000e+03   4.2630000e+03   4.2620000e+03   4.2780000e+03   4.2890000e+03   4.2360000e+03
   4.3740000e+03   4.3070000e+03   4.3780000e+03   4.3150000e+03   4.3450000e+03   4.3480000e+03   4.3020000e+03   4.3440000e+03   4.3520000e+03   4.3160000e+03
   4.4250000e+03   4.4010000e+03   4.4860000e+03   4.4800000e+03   4.4300000e+03   4.4310000e+03   4.4650000e+03   4.4580000e+03   4.5000000e+03   4.4440000e+03
   4.5670000e+03   4.5040000e+03   4.5480000e+03   4.5010000e+03   4.5380000e+03   4.5250000e+03   4.5460000e+03   4.5440000e+03   4.5530000e+03   4.5930000e+03
   4.6730000e+03   4.6130000e+03   4.6540000e+03   4.6280000e+03   4.6270000e+03   4.6070000e+03   4.6440000e+03   4.6420000e+03   4.6000000e+03   4.6690000e+03
   4.7540000e+03   4.7190000e+03   4.7510000e+03   4.7510000e+03   4.7030000e+03   4.7460000e+03   4.7180000e+03   4.7590000e+03   4.7010000e+03   4.7550000e+03
   4.8950000e+03   4.8930000e+03   4.8850000e+03   4.8810000e+03   4.8790000e+03   4.8010000e+03   4.8160000e+03   4.8500000e+03   4.8980000e+03   4.8040000e+03
   4.9440000e+03   4.9080000e+03   4.9040000e+03   4.9750000e+03   4.9050000e+03   4.9210000e+03   4.9530000e+03   4.9370000e+03   4.9930000e+03   4.9170000e+03
   5.0360000e+03   5.0490000e+03   5.0400000e+03   5.0270000e+03   5.0600000e+03   5.0940000e+03   5.0060000e+03   5.0440000e+03   5.0730000e+03   5.0620000e+03
   5.1250000e+03   5.1210000e+03   5.1420000e+03   5.1290000e+03   5.1880000e+03   5.1680000e+03   5.1600000e+03   5.1520000e+03   5.1490000e+03   5.1930000e+03
   5.2420000e+03   5.2620000e+03   5.2160000e+03   5.2140000e+03   5.2000000e+03   5.2720000e+03   5.2310000e+03   5.2370000e+03   5.2700000e+03   5.2420000e+03
   5.3830000e+03   5.3470000e+03   5.3700000e+03   5.3950000e+03   5.3950000e+03   5.3530000e+03   5.3720000e+03   5.3920000e+03   5.3070000e+03   5.3420000e+03
   5.4300000e+03   5.4060000e+03   5.4680000e+03   5.4380000e+03   5.4150000e+03   5.4020000e+03   5.4430000e+03   5.4370000e+03   5.4410000e+03   5.4580000e+03
   5.5470000e+03   5.5250000e+03   5.5010000e+03   5.5720000e+03   5.5380000e+03   5.5220000e+03   5.5400000e+03   5.5600000e+03   5.5810000e+03   5.5210000e+03
   5.6260000e+03   5.6180000e+03   5.6090000e+03   5.6490000e+03   5.6910000e+03   5.6070000e+03   5.6510000e+03   5.6490000e+03   5.6330000e+03   5.6680000e+03
   5.7140000e+03   5.7010000e+03   5.7000000e+03   5.7780000e+03   5.7970000e+03   5.7210000e+03   5.7010000e+03   5.7060000e+03   5.7230000e+03   5.8000000e+03
   5.8830000e+03   5.8850000e+03   5.8740000e+03   5.8520000e+03   5.8570000e+03   5.8510000e+03   5.8030000e+03   5.8020000e+03   5.8610000e+03   5.8940000e+03
   5.9210000e+03   5.9580000e+03   5.9080000e+03   5.9010000e+03   5.9660000e+03   5.9760000e+03   5.9490000e+03   5.9840000e+03   5.9640000e+03   5.9720000e+03
   6.0300000e+03   6.0880000e+03   6.0020000e+03   6.0790000e+03   6.0910000e+03   6.0620000e+03   6.0470000e+03   6.0890000e+03   6.0890000e+03   6.0350000e+03
   6.1240000e+03   6.1230000e+03   6.1270000e+03   6.1950000e+03   6.1940000e+03   6.1370000e+03   6.1820000e+03   6.1960000e+03   6.1330000e+03   6.1200000e+03
   6.2140000e+03   6.2730000e+03   6.2370000e+03   6.2350000e+03   6.2140000e+03   6.2880000e+03   6.2560000e+03   6.2840000e+03   6.2900000e+03   6.2470000e+03
   6.3050000e+03   6.3800000e+03   6.3220000e+03   6.3530000e+03   6.3630000e+03   6.3040000e+03   6.3390000e+03   6.3940000e+03   6.3720000e+03   6.3840000e+03
   6.4110000e+03   6.4000000e+03   6.4260000e+03   6.4090000e+03   6.4010000e+03   6.4880000e+03   6.4040000e+03   6.4860000e+03   6.4120000e+03   6.4690000e+03
   6.5560000e+03   6.5080000e+03   6.5660000e+03   6.5630000e+03   6.5790000e+03   6.5970000e+03   6.5250000e+03   6.5360000e+03   6.5820000e+03   6.5900000e+03
   6.6590000e+03   6.6350000e+03   6.6500000e+03   6.6900000e+03   6.6160000e+03   6.6260000e+03   6.6140000e+03   6.6150000e+03   6.6300000e+03   6.6650000e+03
   6.7260000e+03   6.7680000e+03   6.7230000e+03   6.7760000e+03   6.7470000e+03   6.7080000e+03   6.7330000e+03   6.7200000e+03   6.7180000e+03   6.7020000e+03
   6.8100000e+03   6.8020000e+03   6.8920000e+03   6.8590000e+03   6.8440000e+03   6.8420000e+03   6.8860000e+03   6.8250000e+03   6.8800000e+03   6.8660000e+03
   6.9860000e+03   6.9530000e+03   6.9380000e+03   6.9780000e+03   6.9220000e+03   6.9920000e+03   6.9990000e+03   6.9030000e+03   6.9990000e+03   6.9490000e+03
   7.0100000e+03   7.0910000e+03   7.0160000e+03   7.0280000e+03   7.0370000e+03   7.0770000e+03   7.0080000e+03   7.0190000e+03   7.0030000e+03   7.0070000e+03
   7.1560000e+03   7.1610000e+03   7.1860000e+03   7.1400000e+03   7.1960000e+03   7.1540000e+03   7.1790000e+03   7.1930000e+03   7.1140000e+03   7.1320000e+03
   7.2950000e+03   7.2910000e+03   7.2440000e+03   7.2640000e+03   7.2740000e+03   7.2680000e+03   7.2270000e+03   7.2610000e+03   7.2640000e+03   7.2970000e+03
   7.3090000e+03   7.3830000e+03   7.3610000e+03   7.3480000e+03   7.3770000e+03   7.3950000e+03   7.3330000e+03   7.3430000e+03   7.3870000e+03   7.3550000e+03
   7.4590000e+03   7.4630000e+03   7.5000000e+03   7.4330000e+03   7.5000000e+03   7.4040000e+03   7.4330000e+03   7.4440000e+03   7.4630000e+03   7.4290000e+03
   7.5320000e+03   7.5340000e+03   7.5410000e+03   7.5670000e+03   7.5300000e+03   7.5940000e+03   7.5770000e+03   7.5870000e+03   7.5010000e+03   7.5360000e+03
   7.6120000e+03   7.6990000e+03   7.6850000e+03   7.6890000e+03   7.6130000e+03   7.6850000e+03   7.6370000e+03   7.6570000e+03   7.6290000e+03   7.6860000e+03
   7.7140000e+03   7.8000000e+03   7.7110000e+03   7.7810000e+03   7.7380000e+03   7.7990000e+03   7.7270000e+03   7.7920000e+03   7.7430000e+03   7.7100000e+03
   7.8430000e+03   7.8900000e+03   7.8510000e+03   7.8060000e+03   7.8090000e+03   7.8350000e+03   7.8460000e+03   7.8190000e+03   7.8300000e+03   7.8250000e+03
   7.9160000e+03   7.9130000e+03   7.9930000e+03   7.9770000e+03   7.9100000e+03   7.9050000e+03   7.9550000e+03   7.9850000e+03   7.9060000e+03   7.9270000e+03
   8.0700000e+03   8.0370000e+03   8.0790000e+03   8.0630000e+03   8.0160000e+03   8.0940000e+03   8.0690000e+03   8.0800000e+03   8.0610000e+03   8.0080000e+03
   8.1520000e+03   8.1770000e+03   8.1540000e+03   8.2000000e+03   8.1090000e+03   8.1480000e+03   8.1310000e+03   8.1290000e+03   8.1170000e+03   8.1480000e+03
   8.2790000e+03   8.2240000e+03   8.2900000e+03   8.2170000e+03   8.2280000e+03   8.2090000e+03   8.2550000e+03   8.2940000e+03   8.2970000e+03   8.2490000e+03
   8.3180000e+03   8.3290000e+03   8.3890000e+03   8.3740000e+03   8.3000000e+03   8.3970000e+03   8.3990000e+03   8.3960000e+03   8.3250000e+03   8.3610000e+03
   8.4090000e+03   8.4180000e+03   8.4050000e+03   8.4330000e+03   8.4380000e+03   8.4400000e+03   8.4690000e+03   8.4130000e+03   8.4380000e+03   8.4390000e+03
   8.5980000e+03   8.5290000e+03   8.5940000e+03   8.6000000e+03   8.5740000e+03   8.5890000e+03   8.5900000e+03   8.5080000e+03   8.5700000e+03   8.5400000e+03
   8.6180000e+03   8.6030000e+03   8.6910000e+03   8.6590000e+03   8.6470000e+03   8.6400000e+03   8.6790000e+03   8.6640000e+03   8.6760000e+03   8.6770000e+03
   8.7260000e+03   8.7840000e+03   8.7160000e+03   8.7140000e+03   8.7950000e+03   8.7250000e+03   8.7510000e+03   8.7730000e+03   8.7360000e+03   8.7630000e+03
   8.8820000e+03   8.8800000e+03   8.8640000e+03   8.8930000e+03   8.8670000e+03   8.8830000e+03   8.8750000e+03   8.8690000e+03   8.8140000e+03   8.8070000e+03
   8.9210000e+03   8.9230000e+03   8.9920000e+03   8.9300000e+03   8.9290000e+03   8.9720000e+03   8.9820000e+03   8.9780000e+03   8.9100000e+03   9.0000000e+03
   9.0060000e+03   9.0460000e+03   9.0310000e+03   9.0920000e+03   9.0410000e+03   9.0190000e+03   9.0920000e+03   9.0000000e+03   9.0260000e+03   9.0990000e+03
   9.1690000e+03   9.1800000e+03   9.1900000e+03   9.1700000e+03   9.1860000e+03   9.1510000e+03   9.1640000e+03   9.1470000e+03   9.1680000e+03   9.1850000e+03
   9.2400000e+03   9.2130000e+03   9.2840000e+03   9.2620000e+03   9.2650000e+03   9.2820000e+03   9.2270000e+03   9.2170000e+03   9.2220000e+03   9.2750000e+03
   9.3210000e+03   9.4000000e+03   9.3890000e+03   9.3400000e+03   9.3120000e+03   9.3760000e+03   9.3410000e+03   9.3160000e+03   9.3720000e+03   9.3680000e+03
   9.4620000e+03   9.4040000e+03   9.4950000e+03   9.4770000e+03   9.4180000e+03   9.4900000e+03   9.4010000e+03   9.4830000e+03   9.4390000e+03   9.4320000e+03
   9.5410000e+03   9.5600000e+03   9.5550000e+03   9.5810000e+03   9.5370000e+03   9.5510000e+03   9.5080000e+03   9.5660000e+03   9.5580000e+03   9.5200000e+03
   9.6320000e+03   9.6330000e+03   9.6040000e+03   9.6750000e+03   9.6620000e+03   9.6140000e+03   9.6160000e+03   9.6960000e+03   9.6850000e+03   9.6520000e+03
   9.7720000e+03   9.7970000e+03   9.7450000e+03   9.7920000e+03   9.7340000e+03   9.7900000e+03   9.7370000e+03   9.7400000e+03   9.7190000e+03   9.7710000e+03
   9.8630000e+03   9.8430000e+03   9.8050000e+03   9.8860000e+03   9.8820000e+03   9.8810000e+03   9.8640000e+03   9.8780000e+03   9.8650000e+03   9.8060000e+03
   9.9540000e+03   9.9930000e+03   9.9680000e+03   1.0000000e+04   9.9240000e+03   9.9530000e+03   9.9560000e+03   9.9520000e+03   9.9860000e+03   9.9260000e+03
