   3.6000000e+01   3.3000000e+01   1.7000000e+01   8.0000000e+00   3.9000000e+01   8.1000000e+01   1.0000000e+00   2.3000000e+01   9.4000000e+01   2.2000000e+01
   1.2600000e+02   1.1800000e+02   1.0300000e+02   1.9600000e+02   1.4200000e+02   1.2300000e+02   1.0400000e+02   1.2600000e+02   1.3300000e+02   1.5900000e+02
   2.2400000e+02   2.2300000e+02   2.3200000e+02   2.5200000e+02   2.6500000e+02   2.6900000e+02   2.0200000e+02   2.6500000e+02   2.0000000e+02   2.6100000e+02
   3.4200000e+02   3.6000000e+02   3.8400000e+02   3.6400000e+02   3.0100000e+02   3.1700000e+02   3.0200000e+02   3.4100000e+02   3.3200000e+02   3.6000000e+02
   4.0400000e+02   4.3200000e+02   4.5600000e+02   4.9100000e+02   4.0100000e+02   4.0900000e+02   4.2600000e+02   4.1300000e+02   4.7300000e+02   4.7800000e+02
   5.0800000e+02   5.2500000e+02   5.8800000e+02   5.8100000e+02   5.1900000e+02   5.5300000e+02   5.8900000e+02   5.4600000e+02   5.6400000e+02   5.0200000e+02
   6.3500000e+02   6.2200000e+02   6.2700000e+02   6.2400000e+02   6.9000000e+02   6.1400000e+02   6.1800000e+02   6.9500000e+02   6.2700000e+02   6.9800000e+02
   7.7800000e+02   7.0700000e+02   7.5200000e+02   7.7800000e+02   7.6900000e+02   7.1100000e+02   7.2000000e+02   7.2700000e+02   7.2100000e+02   7.8100000e+02
   8.3200000e+02   8.0200000e+02   8.1800000e+02   8.7500000e+02   8.1500000e+02   8.9900000e+02   8.7700000e+02   9.0000000e+02   8.6900000e+02   8.5200000e+02
   9.3100000e+02   9.9100000e+02   9.4800000e+02   9.1000000e+02   9.1000000e+02   9.6400000e+02   9.4800000e+02   9.4200000e+02   9.1200000e+02   9.1600000e+02
   1.0850000e+03   1.0180000e+03   1.0200000e+03   1.0850000e+03   1.0440000e+03   1.0540000e+03   1.0310000e+03   1.0530000e+03   1.0840000e+03   1.0360000e+03
   1.1150000e+03   1.1810000e+03   1.1040000e+03   1.1310000e+03   1.1810000e+03   1.1220000e+03   1.1960000e+03   1.1090000e+03   1.1800000e+03   1.1300000e+03
   1.2660000e+03   1.2010000e+03   1.2900000e+03   1.2440000e+03   1.2700000e+03   1.2100000e+03   1.2410000e+03   1.2320000e+03   1.2250000e+03   1.2800000e+03
   1.3860000e+03   1.3250000e+03   1.3620000e+03   1.3920000e+03   1.3790000e+03   1.3510000e+03   1.3710000e+03   1.3350000e+03   1.3020000e+03   1.3170000e+03
   1.4430000e+03   1.4750000e+03   1.4270000e+03   1.4700000e+03   1.4670000e+03   1.4720000e+03   1.4570000e+03   1.4710000e+03   1.4030000e+03   1.4170000e+03
   1.5630000e+03   1.5010000e+03   1.5310000e+03   1.5050000e+03   1.5570000e+03   1.5570000e+03   1.5620000e+03   1.5390000e+03   1.5900000e+03   1.5560000e+03
   1.6490000e+03   1.6680000e+03   1.6180000e+03   1.6450000e+03   1.6930000e+03   1.6080000e+03   1.6890000e+03   1.6570000e+03   1.6510000e+03   1.6730000e+03
   1.7330000e+03   1.7060000e+03   1.7180000e+03   1.7630000e+03   1.7800000e+03   1.7990000e+03   1.7840000e+03   1.7370000e+03   1.7910000e+03   1.7060000e+03
   1.8040000e+03   1.8970000e+03   1.8920000e+03   1.8500000e+03   1.8920000e+03   1.8830000e+03   1.8730000e+03   1.8300000e+03   1.8230000e+03   1.8760000e+03
   1.9670000e+03   1.9240000e+03   1.9090000e+03   1.9200000e+03   1.9290000e+03   1.9690000e+03   1.9670000e+03   1.9130000e+03   1.9970000e+03   1.9310000e+03
   2.0400000e+03   2.0290000e+03   2.0760000e+03   2.0670000e+03   2.0500000e+03   2.0300000e+03   2.0120000e+03   2.0200000e+03   2.0800000e+03   2.0780000e+03
   2.1050000e+03   2.1670000e+03   2.1870000e+03   2.1420000e+03   2.1880000e+03   2.1440000e+03   2.1520000e+03   2.1450000e+03   2.1920000e+03   2.1820000e+03
   2.2890000e+03   2.2030000e+03   2.2910000e+03   2.2670000e+03   2.2540000e+03   2.2300000e+03   2.2800000e+03   2.2420000e+03   2.2810000e+03   2.2500000e+03
   2.3250000e+03   2.3910000e+03   2.3800000e+03   2.3930000e+03   2.3330000e+03   2.3310000e+03   2.3490000e+03   2.3130000e+03   2.3390000e+03   2.3230000e+03
   2.4310000e+03   2.4170000e+03   2.4310000e+03   2.4670000e+03   2.4550000e+03   2.4060000e+03   2.4690000e+03   2.4920000e+03   2.4940000e+03   2.4380000e+03
   2.5070000e+03   2.5440000e+03   2.5540000e+03   2.5600000e+03   2.5490000e+03   2.5200000e+03   2.5720000e+03   2.5940000e+03   2.5380000e+03   2.5650000e+03
   2.6610000e+03   2.6110000e+03   2.6720000e+03   2.6670000e+03   2.6640000e+03   2.6930000e+03   2.6110000e+03   2.6480000e+03   2.6360000e+03   2.6820000e+03
   2.7020000e+03   2.7130000e+03   2.7660000e+03   2.7490000e+03   2.7060000e+03   2.7770000e+03   2.7910000e+03   2.7690000e+03   2.7140000e+03   2.7500000e+03
   2.8290000e+03   2.8380000e+03   2.8290000e+03   2.8190000e+03   2.8050000e+03   2.8000000e+03   2.8880000e+03   2.8120000e+03   2.8070000e+03   2.8480000e+03
   2.9990000e+03   2.9790000e+03   2.9440000e+03   2.9670000e+03   2.9200000e+03   2.9540000e+03   2.9690000e+03   2.9410000e+03   2.9360000e+03   2.9980000e+03
   3.0760000e+03   3.0610000e+03   3.0420000e+03   3.0070000e+03   3.0170000e+03   3.0730000e+03   3.0690000e+03   3.0560000e+03   3.0730000e+03   3.0780000e+03
   3.1230000e+03   3.1660000e+03   3.1560000e+03   3.1500000e+03   3.1020000e+03   3.1420000e+03   3.2000000e+03   3.1880000e+03   3.1550000e+03   3.1350000e+03
   3.2870000e+03   3.2100000e+03   3.2970000e+03   3.2800000e+03   3.2570000e+03   3.2440000e+03   3.2930000e+03   3.2590000e+03   3.2500000e+03   3.2650000e+03
   3.3900000e+03   3.3820000e+03   3.3140000e+03   3.3010000e+03   3.3330000e+03   3.3710000e+03   3.3440000e+03   3.3160000e+03   3.3820000e+03   3.3060000e+03
   3.5000000e+03   3.4380000e+03   3.4010000e+03   3.4190000e+03   3.4950000e+03   3.4570000e+03   3.4510000e+03   3.4670000e+03   3.4600000e+03   3.4760000e+03
   3.5270000e+03   3.5260000e+03   3.5480000e+03   3.5850000e+03   3.5280000e+03   3.5620000e+03   3.5330000e+03   3.5190000e+03   3.5000000e+03   3.5430000e+03
   3.6010000e+03   3.6720000e+03   3.6590000e+03   3.6810000e+03   3.6400000e+03   3.6300000e+03   3.6320000e+03   3.6370000e+03   3.6720000e+03   3.6800000e+03
   3.7970000e+03   3.7890000e+03   3.7370000e+03   3.7680000e+03   3.7900000e+03   3.7430000e+03   3.7760000e+03   3.7560000e+03   3.7320000e+03   3.7630000e+03
   3.8230000e+03   3.8450000e+03   3.8320000e+03   3.8650000e+03   3.8800000e+03   3.8680000e+03   3.8320000e+03   3.8620000e+03   3.8370000e+03   3.8730000e+03
   3.9980000e+03   3.9750000e+03   3.9380000e+03   3.9640000e+03   3.9510000e+03   3.9050000e+03   3.9800000e+03   3.9030000e+03   3.9370000e+03   3.9970000e+03
   4.0150000e+03   4.0790000e+03   4.0760000e+03   4.0690000e+03   4.0020000e+03   4.0320000e+03   4.0690000e+03   4.0750000e+03   4.0620000e+03   4.0640000e+03
   4.1680000e+03   4.1790000e+03   4.1960000e+03   4.1640000e+03   4.1450000e+03   4.1300000e+03   4.1150000e+03   4.1630000e+03   4.1890000e+03   4.1950000e+03
   4.2350000e+03   4.2090000e+03   4.2370000e+03   4.2440000e+03   4.2560000e+03   4.2410000e+03   4.2890000e+03   4.2360000e+03   4.2850000e+03   4.2030000e+03
   4.3590000e+03   4.3000000e+03   4.3060000e+03   4.3330000e+03   4.3930000e+03   4.3710000e+03   4.3010000e+03   4.3100000e+03   4.3250000e+03   4.3280000e+03
   4.4760000e+03   4.4110000e+03   4.4330000e+03   4.4910000e+03   4.4030000e+03   4.4770000e+03   4.4430000e+03   4.4430000e+03   4.4260000e+03   4.4480000e+03
   4.5110000e+03   4.5450000e+03   4.5430000e+03   4.5910000e+03   4.5390000e+03   4.5410000e+03   4.5410000e+03   4.5310000e+03   4.5340000e+03   4.5330000e+03
   4.6090000e+03   4.6630000e+03   4.6900000e+03   4.6060000e+03   4.6710000e+03   4.6860000e+03   4.6580000e+03   4.6590000e+03   4.6210000e+03   4.6920000e+03
   4.7570000e+03   4.7030000e+03   4.7180000e+03   4.7970000e+03   4.7470000e+03   4.7940000e+03   4.7390000e+03   4.7130000e+03   4.7060000e+03   4.7020000e+03
   4.8200000e+03   4.8110000e+03   4.8670000e+03   4.8090000e+03   4.8140000e+03   4.8530000e+03   4.8760000e+03   4.8180000e+03   4.8650000e+03   4.8750000e+03
   4.9380000e+03   4.9930000e+03   4.9460000e+03   4.9770000e+03   4.9510000e+03   4.9900000e+03   4.9730000e+03   4.9120000e+03   4.9050000e+03   4.9770000e+03
   5.0790000e+03   5.0400000e+03   5.0540000e+03   5.0930000e+03   5.0980000e+03   5.0390000e+03   5.0060000e+03   5.0070000e+03   5.0810000e+03   5.0090000e+03
   5.1150000e+03   5.1460000e+03   5.1550000e+03   5.1780000e+03   5.1200000e+03   5.1810000e+03   5.1480000e+03   5.1420000e+03   5.1390000e+03   5.1200000e+03
   5.2570000e+03   5.2050000e+03   5.2300000e+03   5.2990000e+03   5.2380000e+03   5.2550000e+03   5.2720000e+03   5.2970000e+03   5.2870000e+03   5.2790000e+03
   5.3210000e+03   5.3890000e+03   5.3170000e+03   5.3100000e+03   5.3930000e+03   5.3300000e+03   5.3210000e+03   5.3020000e+03   5.3430000e+03   5.3560000e+03
   5.4270000e+03   5.4270000e+03   5.4790000e+03   5.4820000e+03   5.4670000e+03   5.4080000e+03   5.4490000e+03   5.4870000e+03   5.4650000e+03   5.4570000e+03
   5.5030000e+03   5.5240000e+03   5.5080000e+03   5.5290000e+03   5.5570000e+03   5.5090000e+03   5.5250000e+03   5.5060000e+03   5.5360000e+03   5.5070000e+03
   5.6150000e+03   5.6850000e+03   5.6290000e+03   5.6690000e+03   5.6010000e+03   5.6310000e+03   5.6180000e+03   5.6300000e+03   5.6280000e+03   5.6640000e+03
   5.7780000e+03   5.7150000e+03   5.7450000e+03   5.7320000e+03   5.7150000e+03   5.7880000e+03   5.7240000e+03   5.7230000e+03   5.7110000e+03   5.7140000e+03
   5.8540000e+03   5.8070000e+03   5.8480000e+03   5.8710000e+03   5.8730000e+03   5.8170000e+03   5.8460000e+03   5.8710000e+03   5.8030000e+03   5.8930000e+03
   5.9880000e+03   5.9330000e+03   5.9180000e+03   5.9210000e+03   5.9620000e+03   5.9770000e+03   5.9720000e+03   5.9850000e+03   5.9300000e+03   5.9220000e+03
   6.0870000e+03   6.0220000e+03   6.0760000e+03   6.0700000e+03   6.0380000e+03   6.0450000e+03   6.0320000e+03   6.0220000e+03   6.0400000e+03   6.0110000e+03
   6.1560000e+03   6.1030000e+03   6.1400000e+03   6.1570000e+03   6.1430000e+03   6.1020000e+03   6.1050000e+03   6.1300000e+03   6.1100000e+03   6.1480000e+03
   6.2630000e+03   6.2650000e+03   6.2990000e+03   6.2760000e+03   6.2900000e+03   6.2210000e+03   6.2250000e+03   6.2740000e+03   6.2830000e+03   6.2300000e+03
   6.3210000e+03   6.3470000e+03   6.3520000e+03   6.3480000e+03   6.3760000e+03   6.3940000e+03   6.3540000e+03   6.3920000e+03   6.3480000e+03   6.3460000e+03
   6.4940000e+03   6.4050000e+03   6.4710000e+03   6.4230000e+03   6.4630000e+03   6.4040000e+03   6.4040000e+03   6.4880000e+03   6.4180000e+03   6.4910000e+03
   6.5540000e+03   6.5480000e+03   6.5300000e+03   6.5340000e+03   6.5860000e+03   6.5600000e+03   6.5350000e+03   6.5840000e+03   6.5330000e+03   6.5870000e+03
   6.6000000e+03   6.6880000e+03   6.6210000e+03   6.6980000e+03   6.6550000e+03   6.6200000e+03   6.6590000e+03   6.6350000e+03   6.6160000e+03   6.6040000e+03
   6.7130000e+03   6.7260000e+03   6.7230000e+03   6.7960000e+03   6.7410000e+03   6.7030000e+03   6.7900000e+03   6.7660000e+03   6.7240000e+03   6.7720000e+03
   6.8120000e+03   6.8220000e+03   6.8440000e+03   6.8820000e+03   6.8040000e+03   6.8580000e+03   6.8890000e+03   6.8960000e+03   6.8280000e+03   6.8270000e+03
   6.9760000e+03   6.9640000e+03   6.9620000e+03   6.9810000e+03   6.9030000e+03   6.9940000e+03   6.9920000e+03   6.9560000e+03   6.9150000e+03   6.9190000e+03
   7.0220000e+03   7.0620000e+03   7.0230000e+03   7.0840000e+03   7.0050000e+03   7.0330000e+03   7.0070000e+03   7.0990000e+03   7.0040000e+03   7.0170000e+03
   7.1980000e+03   7.1180000e+03   7.1920000e+03   7.1190000e+03   7.1430000e+03   7.1090000e+03   7.1240000e+03   7.1030000e+03   7.1250000e+03   7.1470000e+03
   7.2410000e+03   7.2300000e+03   7.2660000e+03   7.2290000e+03   7.2820000e+03   7.2760000e+03   7.2880000e+03   7.2970000e+03   7.2160000e+03   7.2040000e+03
   7.3500000e+03   7.3620000e+03   7.3480000e+03   7.3590000e+03   7.3930000e+03   7.3580000e+03   7.3970000e+03   7.3280000e+03   7.3190000e+03   7.3050000e+03
   7.4740000e+03   7.4250000e+03   7.4530000e+03   7.4400000e+03   7.4700000e+03   7.4150000e+03   7.4620000e+03   7.4060000e+03   7.4840000e+03   7.4800000e+03
   7.5290000e+03   7.5750000e+03   7.5330000e+03   7.5670000e+03   7.5610000e+03   7.5520000e+03   7.5430000e+03   7.5960000e+03   7.5200000e+03   7.5150000e+03
   7.6490000e+03   7.6090000e+03   7.6130000e+03   7.6300000e+03   7.6480000e+03   7.6190000e+03   7.6080000e+03   7.6810000e+03   7.6940000e+03   7.6090000e+03
   7.7390000e+03   7.7080000e+03   7.7990000e+03   7.7430000e+03   7.7320000e+03   7.7510000e+03   7.7610000e+03   7.7120000e+03   7.7550000e+03   7.7240000e+03
   7.8240000e+03   7.8590000e+03   7.8380000e+03   7.8490000e+03   7.8600000e+03   7.8810000e+03   7.8310000e+03   7.8290000e+03   7.8000000e+03   7.8970000e+03
   7.9610000e+03   7.9630000e+03   7.9940000e+03   7.9810000e+03   7.9060000e+03   7.9650000e+03   7.9730000e+03   7.9960000e+03   7.9520000e+03   7.9730000e+03
   8.0290000e+03   8.0970000e+03   8.0350000e+03   8.0450000e+03   8.0220000e+03   8.0620000e+03   8.0620000e+03   8.0020000e+03   8.0790000e+03   8.0730000e+03
   8.1840000e+03   8.1910000e+03   8.1980000e+03   8.1430000e+03   8.1500000e+03   8.1490000e+03   8.1160000e+03   8.1440000e+03   8.1460000e+03   8.1620000e+03
   8.2990000e+03   8.2770000e+03   8.2100000e+03   8.2270000e+03   8.2280000e+03   8.2810000e+03   8.2640000e+03   8.2480000e+03   8.2870000e+03   8.2770000e+03
   8.3800000e+03   8.3920000e+03   8.3140000e+03   8.3200000e+03   8.3100000e+03   8.3100000e+03   8.3540000e+03   8.3420000e+03   8.3460000e+03   8.3570000e+03
   8.4170000e+03   8.4960000e+03   8.4700000e+03   8.4090000e+03   8.4800000e+03   8.4060000e+03   8.4240000e+03   8.4180000e+03   8.4890000e+03   8.4360000e+03
   8.5640000e+03   8.5210000e+03   8.5110000e+03   8.5030000e+03   8.5060000e+03   8.5350000e+03   8.5910000e+03   8.5290000e+03   8.5550000e+03   8.5690000e+03
   8.6590000e+03   8.6040000e+03   8.6910000e+03   8.6310000e+03   8.6600000e+03   8.6280000e+03   8.6400000e+03   8.6730000e+03   8.6940000e+03   8.6820000e+03
   8.7310000e+03   8.7590000e+03   8.7350000e+03   8.7070000e+03   8.7170000e+03   8.7000000e+03   8.7080000e+03   8.7970000e+03   8.7060000e+03   8.7900000e+03
   8.8870000e+03   8.8830000e+03   8.8910000e+03   8.8970000e+03   8.8740000e+03   8.8680000e+03   8.8830000e+03   8.8360000e+03   8.8680000e+03   8.8970000e+03
   8.9780000e+03   8.9090000e+03   8.9880000e+03   8.9940000e+03   8.9220000e+03   8.9110000e+03   8.9640000e+03   8.9460000e+03   8.9780000e+03   8.9420000e+03
   9.0370000e+03   9.0980000e+03   9.0160000e+03   9.0550000e+03   9.0620000e+03   9.0710000e+03   9.0490000e+03   9.0480000e+03   9.0420000e+03   9.0860000e+03
   9.1410000e+03   9.1530000e+03   9.1290000e+03   9.1920000e+03   9.1850000e+03   9.1730000e+03   9.1620000e+03   9.1160000e+03   9.1110000e+03   9.1420000e+03
   9.2140000e+03   9.2600000e+03   9.2910000e+03   9.2960000e+03   9.2810000e+03   9.2390000e+03   9.2980000e+03   9.2820000e+03   9.2130000e+03   9.2630000e+03
   9.3910000e+03   9.3280000e+03   9.3510000e+03   9.3480000e+03   9.3590000e+03   9.3390000e+03   9.3250000e+03   9.3490000e+03   9.3910000e+03   9.3670000e+03
   9.4680000e+03   9.4480000e+03   9.4990000e+03   9.5000000e+03   9.4100000e+03   9.4140000e+03   9.4230000e+03   9.4370000e+03   9.4010000e+03   9.4230000e+03
   9.5450000e+03   9.5360000e+03   9.5930000e+03   9.5100000e+03   9.5110000e+03   9.5960000e+03   9.5040000e+03   9.5830000e+03   9.5950000e+03   9.5390000e+03
   9.6700000e+03   9.6830000e+03   9.6590000e+03   9.6610000e+03   9.6430000e+03   9.6200000e+03   9.6580000e+03   9.6220000e+03   9.6940000e+03   9.6360000e+03
   9.7370000e+03   9.7320000e+03   9.7540000e+03   9.7610000e+03   9.7870000e+03   9.7560000e+03   9.7440000e+03   9.7970000e+03   9.7470000e+03   9.7170000e+03
   9.8420000e+03   9.8260000e+03   9.8300000e+03   9.8850000e+03   9.8800000e+03   9.8670000e+03   9.8140000e+03   9.8370000e+03   9.8570000e+03   9.8820000e+03
   9.9700000e+03   9.9760000e+03   9.9890000e+03   9.9940000e+03   9.9470000e+03   9.9010000e+03   9.9410000e+03   9.9190000e+03   9.9460000e+03   9.9530000e+03
